rulename diff lwr upr padj
愛-喜び 0.599999999999891 -6.51149701935906 7.71149701935884 1
感動-喜び 2.59999999999982 -4.51149701935914 9.71149701935877 0.999967930017992
信頼-喜び 2.99999999999989 -4.11149701935906 10.1114970193588 0.999460972623813
優越-喜び 4.5999999999999 -2.51149701935905 11.7114970193589 0.822060278336287
好奇心-喜び 4.79999999999991 -2.31149701935904 11.9114970193589 0.751270110201127
期待（予測）-喜び 4.99999999999991 -2.11149701935905 12.1114970193589 0.670875841224544
楽観-喜び 6.1 -1.01149701935895 13.211497019359 0.234217885328304
自尊心-喜び 7.2999999999999 0.188502980640951 14.4114970193589 0.0356348518122142
運命-喜び 7.29999999999994 0.188502980640987 14.4114970193589 0.0356348518122114
驚き-喜び 8.29999999999994 1.18850298064098 15.4114970193589 0.00472756829758847
感傷-喜び 15.3 8.18850298064102 22.4114970193589 4.40458780559538e-12
不安-喜び 15.6999999999999 8.58850298064096 22.8114970193589 1.71307412699662e-12
不健全-喜び 15.9999999999999 8.88850298064094 23.1114970193589 1.14275255924667e-12
皮肉-喜び 16.0999999999999 8.98850298064094 23.2114970193589 1.07303055330021e-12
後悔-喜び 16.6999999999999 9.58850298064093 23.8114970193588 8.84070594509012e-13
罪悪感-喜び 16.7999999999999 9.68850298064092 23.9114970193588 8.78963568595736e-13
服従-喜び 17.4999999999999 10.3885029806409 24.6114970193588 8.88067397397663e-13
攻撃-喜び 18.2999999999999 11.1885029806409 25.4114970193589 8.72302230447985e-13
軽蔑-喜び 18.9999999999999 11.888502980641 26.1114970193589 8.73634498077536e-13
恐れ-喜び 19.3999999999999 12.288502980641 26.5114970193589 8.58757509547559e-13
怒り-喜び 19.5999999999999 12.488502980641 26.7114970193589 8.38773495104306e-13
畏怖-喜び 20.9999999999999 13.888502980641 28.1114970193589 6.87894186057747e-13
悲観-喜び 21.9999999999999 14.8885029806409 29.1114970193589 6.01629857044372e-13
拒絶-喜び 22.5999999999999 15.488502980641 29.7114970193589 5.83644244045445e-13
嫌悪-喜び 22.6999999999998 15.5885029806409 29.8114970193588 5.79869485761719e-13
悲しみ-喜び 22.7999999999999 15.688502980641 29.9114970193589 5.78981307342019e-13
憤慨-喜び 23.8999999999999 16.7885029806409 31.0114970193588 5.75206549058294e-13
恥辱-喜び 24.6999999999999 17.588502980641 31.8114970193589 5.74984504453369e-13
悲憤-喜び 25.1999999999999 18.0885029806409 32.3114970193588 5.74984504453369e-13
憎悪-喜び 25.7999999999999 18.688502980641 32.9114970193589 5.74984504453369e-13
絶望-喜び 29.2999999999999 22.188502980641 36.4114970193589 5.74984504453369e-13
感動-愛 1.99999999999993 -5.11149701935903 9.11149701935888 0.999999922081191
信頼-愛 2.4 -4.71149701935895 9.51149701935896 0.999994326387736
優越-愛 4.00000000000001 -3.11149701935894 11.111497019359 0.956817624484231
好奇心-愛 4.20000000000002 -2.91149701935893 11.311497019359 0.925182093144847
期待（予測）-愛 4.40000000000001 -2.71149701935894 11.511497019359 0.880432875026028
楽観-愛 5.50000000000011 -1.61149701935885 12.6114970193591 0.454679669762275
自尊心-愛 6.70000000000001 -0.41149701935894 13.811497019359 0.099354304606226
運命-愛 6.70000000000005 -0.411497019358904 13.811497019359 0.0993543046062202
驚き-愛 7.70000000000005 0.588502980641092 14.811497019359 0.016582863541473
感傷-愛 14.7000000000001 7.58850298064113 21.811497019359 3.10195202857244e-11
不安-愛 15.1 7.98850298064107 22.211497019359 8.14492917555754e-12
不健全-愛 15.4 8.28850298064105 22.511497019359 3.35342864588029e-12
皮肉-愛 15.5 8.38850298064105 22.611497019359 2.60069743518443e-12
後悔-愛 16.1 8.98850298064104 23.2114970193589 1.07303055330021e-12
罪悪感-愛 16.2 9.08850298064103 23.3114970193589 1.0037526365636e-12
服従-愛 16.9 9.78850298064105 24.011497019359 8.86846152070575e-13
攻撃-愛 17.7 10.5885029806411 24.811497019359 8.81850148459762e-13
軽蔑-愛 18.4 11.2885029806411 25.511497019359 8.84292639113937e-13
恐れ-愛 18.8 11.6885029806411 25.911497019359 8.70858940515973e-13
怒り-愛 19 11.8885029806411 26.111497019359 8.73634498077536e-13
畏怖-愛 20.4 13.2885029806411 27.511497019359 7.70827845997246e-13
悲観-愛 21.4 14.2885029806411 28.511497019359 6.45372644214603e-13
拒絶-愛 22 14.8885029806411 29.111497019359 6.01629857044372e-13
嫌悪-愛 22.0999999999999 14.988502980641 29.2114970193589 5.96522831131097e-13
悲しみ-愛 22.2000000000001 15.0885029806411 29.311497019359 5.89417403773496e-13
憤慨-愛 23.3 16.188502980641 30.411497019359 5.75872682873069e-13
恥辱-愛 24.1 16.9885029806411 31.211497019359 5.74984504453369e-13
悲憤-愛 24.6 17.488502980641 31.7114970193589 5.74984504453369e-13
憎悪-愛 25.2 18.0885029806411 32.311497019359 5.74984504453369e-13
絶望-愛 28.7 21.5885029806411 35.811497019359 5.74984504453369e-13
信頼-感動 0.400000000000075 -6.71149701935888 7.51149701935903 1
優越-感動 2.00000000000008 -5.11149701935887 9.11149701935904 0.999999922081191
好奇心-感動 2.20000000000009 -4.91149701935886 9.31149701935905 0.999999225772088
期待（予測）-感動 2.40000000000009 -4.71149701935887 9.51149701935904 0.999994326387736
楽観-感動 3.50000000000018 -3.61149701935877 10.6114970193591 0.99286642796869
自尊心-感動 4.70000000000009 -2.41149701935887 11.811497019359 0.788075115427144
運命-感動 4.70000000000012 -2.41149701935883 11.8114970193591 0.788075115427132
驚き-感動 5.70000000000012 -1.41149701935884 12.8114970193591 0.373013931413153
感傷-感動 12.7000000000002 5.5885029806412 19.8114970193591 2.60757775372156e-08
不安-感動 13.1000000000001 5.98850298064114 20.2114970193591 7.1101294851772e-09
不健全-感動 13.4000000000001 6.28850298064113 20.511497019359 2.63516442000622e-09
皮肉-感動 13.5000000000001 6.38850298064113 20.611497019359 1.88661353206498e-09
後悔-感動 14.1000000000001 6.98850298064111 21.211497019359 2.46020648297929e-10
罪悪感-感動 14.2000000000001 7.0885029806411 21.311497019359 1.74399494845545e-10
服従-感動 14.9000000000001 7.78850298064112 22.011497019359 1.57024393487859e-11
攻撃-感動 15.7000000000001 8.58850298064113 22.811497019359 1.71307412699662e-12
軽蔑-感動 16.4000000000001 9.28850298064114 23.5114970193591 9.36029032061469e-13
恐れ-感動 16.8000000000001 9.68850298064116 23.9114970193591 8.78963568595736e-13
怒り-感動 17.0000000000001 9.88850298064113 24.111497019359 8.84958772928712e-13
畏怖-感動 18.4000000000001 11.2885029806412 25.5114970193591 8.84292639113937e-13
悲観-感動 19.4000000000001 12.2885029806411 26.511497019359 8.58757509547559e-13
拒絶-感動 20.0000000000001 12.8885029806411 27.111497019359 8.18345391451203e-13
嫌悪-感動 20.1 12.9885029806411 27.211497019359 8.16569034611803e-13
悲しみ-感動 20.2000000000001 13.0885029806412 27.3114970193591 7.9569684174885e-13
憤慨-感動 21.3000000000001 14.1885029806411 28.411497019359 6.50479670127879e-13
恥辱-感動 22.1000000000001 14.9885029806411 29.211497019359 5.96522831131097e-13
悲憤-感動 22.6000000000001 15.4885029806411 29.711497019359 5.83644244045445e-13
憎悪-感動 23.2000000000001 16.0885029806411 30.311497019359 5.77204950502619e-13
絶望-感動 26.7000000000001 19.5885029806412 33.8114970193591 5.74984504453369e-13
優越-信頼 1.60000000000001 -5.51149701935894 8.71149701935896 0.999999999753547
好奇心-信頼 1.80000000000002 -5.31149701935894 8.91149701935897 0.999999994541424
期待（予測）-信頼 2.00000000000001 -5.11149701935894 9.11149701935897 0.999999922081191
楽観-信頼 3.10000000000011 -4.01149701935885 10.2114970193591 0.999026091910582
自尊心-信頼 4.30000000000001 -2.81149701935894 11.411497019359 0.904517064651087
運命-信頼 4.30000000000005 -2.81149701935891 11.411497019359 0.904517064651079
驚き-信頼 5.30000000000004 -1.81149701935891 12.411497019359 0.541044326547992
感傷-信頼 12.3000000000001 5.18850298064113 19.411497019359 9.29495895807264e-08
不安-信頼 12.7 5.58850298064107 19.811497019359 2.60757775372156e-08
不健全-信頼 13 5.88850298064105 20.111497019359 9.86502846078707e-09
皮肉-信頼 13.1 5.98850298064105 20.211497019359 7.1101294851772e-09
後悔-信頼 13.7 6.58850298064104 20.8114970193589 9.623960517402e-10
罪悪感-信頼 13.8 6.68850298064103 20.9114970193589 6.85771439634664e-10
服従-信頼 14.5 7.38850298064104 21.6114970193589 6.18441964306271e-11
攻撃-信頼 15.3 8.18850298064105 22.411497019359 4.40458780559538e-12
軽蔑-信頼 16 8.88850298064107 23.111497019359 1.14275255924667e-12
恐れ-信頼 16.4 9.28850298064109 23.511497019359 9.36029032061469e-13
怒り-信頼 16.6 9.48850298064106 23.711497019359 9.0649709960644e-13
畏怖-信頼 18 10.8885029806411 25.111497019359 8.76521077941561e-13
悲観-信頼 19 11.8885029806411 26.111497019359 8.73634498077536e-13
拒絶-信頼 19.6 12.4885029806411 26.711497019359 8.38773495104306e-13
嫌悪-信頼 19.6999999999999 12.588502980641 26.8114970193589 8.38107361289531e-13
悲しみ-信頼 19.8000000000001 12.6885029806411 26.911497019359 8.35997937542743e-13
憤慨-信頼 20.9 13.788502980641 28.011497019359 7.00883795445861e-13
恥辱-信頼 21.7 14.5885029806411 28.811497019359 6.16728890179274e-13
悲憤-信頼 22.2 15.088502980641 29.3114970193589 5.89417403773496e-13
憎悪-信頼 22.8 15.6885029806411 29.911497019359 5.78981307342019e-13
絶望-信頼 26.3 19.1885029806411 33.411497019359 5.74984504453369e-13
好奇心-優越 0.200000000000008 -6.91149701935895 7.31149701935896 1
期待（予測）-優越 0.400000000000004 -6.71149701935895 7.51149701935896 1
楽観-優越 1.5000000000001 -5.61149701935886 8.61149701935905 0.999999999957035
自尊心-優越 2.7 -4.41149701935895 9.81149701935896 0.999930029761253
運命-優越 2.70000000000004 -4.41149701935892 9.81149701935899 0.999930029761253
驚き-優越 3.70000000000003 -3.41149701935892 10.811497019359 0.984107171096399
感傷-優越 10.7000000000001 3.58850298064112 17.811497019359 1.10275934281923e-05
不安-優越 11.1 3.98850298064106 18.211497019359 3.50853330555179e-06
不健全-優越 11.4 4.28850298064104 18.5114970193589 1.45389255623574e-06
皮肉-優越 11.5 4.38850298064104 18.6114970193589 1.07951969630093e-06
後悔-優越 12.1 4.98850298064103 19.2114970193589 1.73567662353769e-07
罪悪感-優越 12.2 5.08850298064102 19.3114970193589 1.27134451077815e-07
服従-優越 12.9 5.78850298064103 20.0114970193589 1.36637688941121e-08
攻撃-優越 13.7 6.58850298064105 20.811497019359 9.623960517402e-10
軽蔑-優越 14.4 7.28850298064106 21.511497019359 8.74030847697327e-11
恐れ-優越 14.8 7.68850298064108 21.911497019359 2.20140572437799e-11
怒り-優越 15 7.88850298064105 22.111497019359 1.12413411912371e-11
畏怖-優越 16.4 9.28850298064108 23.511497019359 9.36029032061469e-13
悲観-優越 17.4 10.288502980641 24.5114970193589 8.86068995953337e-13
拒絶-優越 18 10.8885029806411 25.111497019359 8.76521077941561e-13
嫌悪-優越 18.0999999999999 10.988502980641 25.2114970193589 8.63642490855909e-13
悲しみ-優越 18.2 11.0885029806411 25.311497019359 8.85402862138562e-13
憤慨-優越 19.3 12.188502980641 26.4114970193589 8.67417249139635e-13
恥辱-優越 20.1 12.9885029806411 27.211497019359 8.16569034611803e-13
悲憤-優越 20.6 13.488502980641 27.7114970193589 7.44404538011167e-13
憎悪-優越 21.2 14.088502980641 28.311497019359 6.63136212608606e-13
絶望-優越 24.7 17.5885029806411 31.811497019359 5.74984504453369e-13
期待（予測）-好奇心 0.199999999999996 -6.91149701935896 7.31149701935895 1
楽観-好奇心 1.30000000000009 -5.81149701935886 8.41149701935904 1
自尊心-好奇心 2.49999999999999 -4.61149701935896 9.61149701935895 0.999986099690608
運命-好奇心 2.50000000000003 -4.61149701935892 9.61149701935898 0.999986099690608
驚き-好奇心 3.50000000000003 -3.61149701935893 10.611497019359 0.992866427968695
感傷-好奇心 10.5000000000001 3.38850298064111 17.611497019359 1.92970794649083e-05
不安-好奇心 10.9 3.78850298064105 18.011497019359 6.24686687866749e-06
不健全-好奇心 11.2 4.08850298064103 18.3114970193589 2.62113577387257e-06
皮肉-好奇心 11.3 4.18850298064103 18.4114970193589 1.95413763026675e-06
後悔-好奇心 11.9 4.78850298064102 19.0114970193589 3.21674997638688e-07
罪悪感-好奇心 12 4.88850298064101 19.1114970193589 2.36513647222658e-07
服従-好奇心 12.7 5.58850298064103 19.8114970193589 2.60757775372156e-08
攻撃-好奇心 13.5 6.38850298064104 20.6114970193589 1.88661353206498e-09
軽蔑-好奇心 14.2 7.08850298064105 21.311497019359 1.74399494845545e-10
恐れ-好奇心 14.6 7.48850298064107 21.711497019359 4.37724301249887e-11
怒り-好奇心 14.8 7.68850298064104 21.9114970193589 2.20140572437799e-11
畏怖-好奇心 16.2 9.08850298064108 23.311497019359 1.0037526365636e-12
悲観-好奇心 17.2 10.088502980641 24.3114970193589 8.75410854916936e-13
拒絶-好奇心 17.8 10.6885029806411 24.911497019359 8.80295836225287e-13
嫌悪-好奇心 17.8999999999999 10.788502980641 25.0114970193589 8.85957973650875e-13
悲しみ-好奇心 18 10.8885029806411 25.111497019359 8.76521077941561e-13
憤慨-好奇心 19.1 11.988502980641 26.2114970193589 8.77742323268649e-13
恥辱-好奇心 19.9 12.788502980641 27.011497019359 8.23674461969404e-13
悲憤-好奇心 20.4 13.288502980641 27.5114970193589 7.70827845997246e-13
憎悪-好奇心 21 13.888502980641 28.1114970193589 6.87894186057747e-13
絶望-好奇心 24.5 17.3885029806411 31.611497019359 5.74984504453369e-13
楽観-期待（予測） 1.10000000000009 -6.01149701935886 8.21149701935905 1
自尊心-期待（予測） 2.3 -4.81149701935895 9.41149701935895 0.99999782946157
運命-期待（予測） 2.30000000000003 -4.81149701935892 9.41149701935899 0.99999782946157
驚き-期待（予測） 3.30000000000003 -3.81149701935892 10.411497019359 0.997172143984448
感傷-期待（予測） 10.3000000000001 3.18850298064111 17.411497019359 3.34656734499728e-05
不安-期待（予測） 10.7 3.58850298064105 17.811497019359 1.10275934277482e-05
不健全-期待（予測） 11 3.88850298064104 18.1114970193589 4.68655059704393e-06
皮肉-期待（予測） 11.1 3.98850298064104 18.2114970193589 3.50853330555179e-06
後悔-期待（予測） 11.7 4.58850298064102 18.8114970193589 5.91598919075231e-07
罪悪感-期待（予測） 11.8 4.68850298064101 18.9114970193589 4.36660438585257e-07
服従-期待（予測） 12.5 5.38850298064103 19.6114970193589 4.94101825010418e-08
攻撃-期待（予測） 13.3 6.18850298064104 20.4114970193589 3.67471175710676e-09
軽蔑-期待（予測） 14 6.88850298064106 21.111497019359 3.46708328713419e-10
恐れ-期待（予測） 14.4 7.28850298064108 21.511497019359 8.74030847697327e-11
怒り-期待（予測） 14.6 7.48850298064105 21.711497019359 4.37724301249887e-11
畏怖-期待（予測） 16 8.88850298064108 23.111497019359 1.14275255924667e-12
悲観-期待（予測） 17 9.88850298064104 24.1114970193589 8.84958772928712e-13
拒絶-期待（予測） 17.6 10.4885029806411 24.711497019359 8.78408457083424e-13
嫌悪-期待（予測） 17.6999999999999 10.588502980641 24.8114970193589 8.81850148459762e-13
悲しみ-期待（予測） 17.8 10.6885029806411 24.911497019359 8.80295836225287e-13
憤慨-期待（予測） 18.9 11.788502980641 26.0114970193589 8.67750316047022e-13
恥辱-期待（予測） 19.7 12.588502980641 26.811497019359 8.38107361289531e-13
悲憤-期待（予測） 20.2 13.088502980641 27.3114970193589 7.9569684174885e-13
憎悪-期待（予測） 20.8 13.688502980641 27.911497019359 7.11763981087188e-13
絶望-期待（予測） 24.3 17.1885029806411 31.411497019359 5.74984504453369e-13
自尊心-楽観 1.19999999999991 -5.91149701935905 8.31149701935886 1
運命-楽観 1.19999999999994 -5.91149701935901 8.31149701935889 1
驚き-楽観 2.19999999999994 -4.91149701935902 9.31149701935889 0.999999225772088
感傷-楽観 9.19999999999997 2.08850298064102 16.3114970193589 0.000582131867934321
不安-楽観 9.59999999999991 2.48850298064096 16.7114970193589 0.00021340914740875
不健全-楽観 9.8999999999999 2.78850298064094 17.0114970193588 9.78800362282373e-05
皮肉-楽観 9.9999999999999 2.88850298064095 17.1114970193589 7.51138157576436e-05
後悔-楽観 10.5999999999999 3.48850298064093 17.7114970193588 1.46038691298811e-05
罪悪感-楽観 10.6999999999999 3.58850298064092 17.8114970193588 1.10275934291915e-05
服従-楽観 11.3999999999999 4.28850298064094 18.5114970193588 1.45389255612471e-06
攻撃-楽観 12.1999999999999 5.08850298064095 19.3114970193589 1.27134451077815e-07
軽蔑-楽観 12.8999999999999 5.78850298064096 20.0114970193589 1.36637688941121e-08
恐れ-楽観 13.2999999999999 6.18850298064099 20.4114970193589 3.67471175710676e-09
怒り-楽観 13.4999999999999 6.38850298064095 20.6114970193589 1.88661353206498e-09
畏怖-楽観 14.8999999999999 7.78850298064099 22.0114970193589 1.57024393487859e-11
悲観-楽観 15.8999999999999 8.78850298064094 23.0114970193588 1.27442500996722e-12
拒絶-楽観 16.4999999999999 9.38850298064096 23.6114970193589 9.0472074276704e-13
嫌悪-楽観 16.5999999999998 9.48850298064088 23.7114970193588 9.0649709960644e-13
悲しみ-楽観 16.6999999999999 9.58850298064099 23.8114970193589 8.84070594509012e-13
憤慨-楽観 17.7999999999999 10.6885029806409 24.9114970193588 8.80295836225287e-13
恥辱-楽観 18.5999999999999 11.488502980641 25.7114970193589 8.94839757847876e-13
悲憤-楽観 19.0999999999999 11.9885029806409 26.2114970193588 8.77742323268649e-13
憎悪-楽観 19.6999999999999 12.5885029806409 26.8114970193589 8.38107361289531e-13
絶望-楽観 23.1999999999999 16.088502980641 30.3114970193589 5.77204950502619e-13
運命-自尊心 3.5527136788005e-14 -7.11149701935892 7.11149701935899 1
驚き-自尊心 1.00000000000003 -6.11149701935892 8.11149701935899 1
感傷-自尊心 8.00000000000007 0.888502980641114 15.111497019359 0.00899069268786257
不安-自尊心 8.40000000000001 1.28850298064106 15.511497019359 0.0037911851749326
不健全-自尊心 8.69999999999999 1.58850298064104 15.8114970193589 0.00191927138017955
皮肉-自尊心 8.79999999999999 1.68850298064104 15.9114970193589 0.00152051460934544
後悔-自尊心 9.39999999999998 2.28850298064102 16.5114970193589 0.000354320202971659
罪悪感-自尊心 9.49999999999997 2.38850298064101 16.6114970193589 0.000275337425653444
服従-自尊心 10.2 3.08850298064103 17.3114970193589 4.39196164953026e-05
攻撃-自尊心 11 3.88850298064104 18.1114970193589 4.68655059726597e-06
軽蔑-自尊心 11.7 4.58850298064106 18.811497019359 5.91598919075231e-07
恐れ-自尊心 12.1 4.98850298064108 19.211497019359 1.73567661687635e-07
怒り-自尊心 12.3 5.18850298064105 19.411497019359 9.29495895807264e-08
畏怖-自尊心 13.7 6.58850298064108 20.811497019359 9.62395385606385e-10
悲観-自尊心 14.7 7.58850298064104 21.8114970193589 3.10195202857244e-11
拒絶-自尊心 15.3 8.18850298064105 22.411497019359 4.40458780559538e-12
嫌悪-自尊心 15.3999999999999 8.28850298064098 22.5114970193589 3.35342864588029e-12
悲しみ-自尊心 15.5 8.38850298064109 22.611497019359 2.60069743518443e-12
憤慨-自尊心 16.6 9.48850298064103 23.7114970193589 9.0649709960644e-13
恥辱-自尊心 17.4 10.2885029806411 24.511497019359 8.86068995953337e-13
悲憤-自尊心 17.9 10.788502980641 25.0114970193589 8.85957973650875e-13
憎悪-自尊心 18.5 11.388502980641 25.611497019359 8.63198401646059e-13
絶望-自尊心 22 14.8885029806411 29.111497019359 6.01629857044372e-13
驚き-運命 0.999999999999996 -6.11149701935896 8.11149701935895 1
感傷-運命 8.00000000000003 0.888502980641078 15.111497019359 0.00899069268786234
不安-運命 8.39999999999997 1.28850298064102 15.5114970193589 0.00379118517493171
不健全-運命 8.69999999999996 1.588502980641 15.8114970193589 0.00191927138017967
皮肉-運命 8.79999999999996 1.688502980641 15.9114970193589 0.00152051460934566
後悔-運命 9.39999999999994 2.28850298064099 16.5114970193589 0.000354320202971214
罪悪感-運命 9.49999999999993 2.38850298064098 16.6114970193589 0.000275337425652999
服従-運命 10.1999999999999 3.088502980641 17.3114970193589 4.39196164954136e-05
攻撃-運命 11 3.88850298064101 18.1114970193589 4.68655059704393e-06
軽蔑-運命 11.7 4.58850298064102 18.8114970193589 5.91598919075231e-07
恐れ-運命 12.1 4.98850298064104 19.211497019359 1.73567662353769e-07
怒り-運命 12.3 5.18850298064101 19.4114970193589 9.29495895807264e-08
畏怖-運命 13.7 6.58850298064105 20.811497019359 9.623960517402e-10
悲観-運命 14.7 7.588502980641 21.8114970193589 3.10195202857244e-11
拒絶-運命 15.3 8.18850298064102 22.4114970193589 4.40458780559538e-12
嫌悪-運命 15.3999999999999 8.28850298064095 22.5114970193589 3.35342864588029e-12
悲しみ-運命 15.5 8.38850298064105 22.611497019359 2.60069743518443e-12
憤慨-運命 16.6 9.488502980641 23.7114970193589 9.0649709960644e-13
恥辱-運命 17.4 10.288502980641 24.5114970193589 8.86068995953337e-13
悲憤-運命 17.8999999999999 10.788502980641 25.0114970193589 8.85957973650875e-13
憎悪-運命 18.5 11.388502980641 25.6114970193589 8.63198401646059e-13
絶望-運命 22 14.888502980641 29.1114970193589 6.01629857044372e-13
感傷-驚き 7.00000000000004 -0.111497019358918 14.111497019359 0.0606670772938437
不安-驚き 7.39999999999998 0.288502980641024 14.5114970193589 0.0296019781198233
不健全-驚き 7.69999999999996 0.588502980641007 14.8114970193589 0.0165828635414758
皮肉-驚き 7.79999999999996 0.688502980641008 14.9114970193589 0.0135696317436663
後悔-驚き 8.39999999999995 1.28850298064099 15.5114970193589 0.0037911851749326
罪悪感-驚き 8.49999999999994 1.38850298064098 15.6114970193589 0.00303077156272913
服従-驚き 9.19999999999995 2.088502980641 16.3114970193589 0.000582131867934543
攻撃-驚き 9.99999999999996 2.88850298064101 17.1114970193589 7.51138157568665e-05
軽蔑-驚き 10.7 3.58850298064102 17.8114970193589 1.10275934277482e-05
恐れ-驚き 11.1 3.98850298064105 18.211497019359 3.50853330555179e-06
怒り-驚き 11.3 4.18850298064102 18.4114970193589 1.95413763015573e-06
畏怖-驚き 12.7 5.58850298064105 19.811497019359 2.60757775372156e-08
悲観-驚き 13.7 6.58850298064101 20.8114970193589 9.623960517402e-10
拒絶-驚き 14.3 7.18850298064102 21.4114970193589 1.23489773962149e-10
嫌悪-驚き 14.3999999999999 7.28850298064095 21.5114970193589 8.74030847697327e-11
悲しみ-驚き 14.5 7.38850298064106 21.611497019359 6.18441964306271e-11
憤慨-驚き 15.6 8.488502980641 22.7114970193589 2.0691226509939e-12
恥辱-驚き 16.4 9.28850298064102 23.5114970193589 9.36029032061469e-13
悲憤-驚き 16.8999999999999 9.78850298064098 24.0114970193589 8.86846152070575e-13
憎悪-驚き 17.5 10.388502980641 24.6114970193589 8.88067397397663e-13
絶望-驚き 21 13.888502980641 28.1114970193589 6.87894186057747e-13
不安-感傷 0.399999999999942 -6.71149701935901 7.5114970193589 1
不健全-感傷 0.699999999999925 -6.41149701935903 7.81149701935888 1
皮肉-感傷 0.799999999999926 -6.31149701935903 7.91149701935888 1
後悔-感傷 1.39999999999991 -5.71149701935904 8.51149701935886 0.999999999993703
罪悪感-感傷 1.4999999999999 -5.61149701935905 8.61149701935885 0.999999999957035
服従-感傷 2.19999999999992 -4.91149701935904 9.31149701935887 0.999999225772088
攻撃-感傷 2.99999999999993 -4.11149701935902 10.1114970193589 0.999460972623813
軽蔑-感傷 3.69999999999994 -3.41149701935901 10.8114970193589 0.984107171096404
恐れ-感傷 4.09999999999997 -3.01149701935899 11.2114970193589 0.942546091107915
怒り-感傷 4.29999999999993 -2.81149701935902 11.4114970193589 0.904517064651105
畏怖-感傷 5.69999999999997 -1.41149701935899 12.8114970193589 0.373013931413212
悲観-感傷 6.69999999999992 -0.411497019359029 13.8114970193589 0.0993543046062396
拒絶-感傷 7.29999999999994 0.188502980640987 14.4114970193589 0.0356348518122114
嫌悪-感傷 7.39999999999987 0.288502980640914 14.5114970193588 0.0296019781198299
悲しみ-感傷 7.49999999999998 0.388502980641022 14.6114970193589 0.0244947822331011
憤慨-感傷 8.59999999999992 1.48850298064097 15.7114970193589 0.0024154531896986
恥辱-感傷 9.39999999999994 2.28850298064098 16.5114970193589 0.000354320202971214
悲憤-感傷 9.8999999999999 2.78850298064095 17.0114970193589 9.78800362282373e-05
憎悪-感傷 10.4999999999999 3.38850298064098 17.6114970193589 1.92970794656855e-05
絶望-感傷 14 6.888502980641 21.1114970193589 3.46708328713419e-10
不健全-不安 0.299999999999983 -6.81149701935897 7.41149701935894 1
皮肉-不安 0.399999999999984 -6.71149701935897 7.51149701935894 1
後悔-不安 0.999999999999968 -6.11149701935899 8.11149701935892 1
罪悪感-不安 1.09999999999996 -6.01149701935899 8.21149701935891 1
服従-不安 1.79999999999998 -5.31149701935898 8.91149701935893 0.999999994541424
攻撃-不安 2.59999999999999 -4.51149701935897 9.71149701935894 0.999967930017992
軽蔑-不安 3.3 -3.81149701935895 10.411497019359 0.997172143984449
恐れ-不安 3.70000000000002 -3.41149701935893 10.811497019359 0.984107171096399
怒り-不安 3.89999999999999 -3.21149701935896 11.0114970193589 0.968277032899843
畏怖-不安 5.30000000000003 -1.81149701935893 12.411497019359 0.541044326547999
悲観-不安 6.29999999999998 -0.811497019358971 13.4114970193589 0.179588801690522
拒絶-不安 6.9 -0.211497019358955 14.011497019359 0.0718290455876651
嫌悪-不安 6.99999999999993 -0.111497019359028 14.1114970193589 0.0606670772938547
悲しみ-不安 7.10000000000003 -0.0114970193589201 14.211497019359 0.0510194214040913
憤慨-不安 8.19999999999998 1.08850298064102 15.3114970193589 0.00587644023411615
恥辱-不安 9 1.88850298064104 16.1114970193589 0.0009461064995121
悲憤-不安 9.49999999999996 2.388502980641 16.6114970193589 0.000275337425653222
憎悪-不安 10.1 2.98850298064104 17.2114970193589 5.75046831515769e-05
絶望-不安 13.6 6.48850298064106 20.711497019359 1.34852007338537e-09
皮肉-不健全 0.100000000000001 -7.01149701935895 7.21149701935895 1
後悔-不健全 0.699999999999985 -6.41149701935897 7.81149701935894 1
罪悪感-不健全 0.799999999999976 -6.31149701935898 7.91149701935893 1
服従-不健全 1.49999999999999 -5.61149701935896 8.61149701935895 0.999999999957035
攻撃-不健全 2.3 -4.81149701935895 9.41149701935896 0.99999782946157
軽蔑-不健全 3.00000000000002 -4.11149701935894 10.111497019359 0.999460972623812
恐れ-不健全 3.40000000000004 -3.71149701935891 10.511497019359 0.995433861310039
怒り-不健全 3.60000000000001 -3.51149701935894 10.711497019359 0.989195863592358
畏怖-不健全 5.00000000000004 -2.11149701935891 12.111497019359 0.670875841224487
悲観-不健全 6 -1.11149701935895 13.111497019359 0.265336602571938
拒絶-不健全 6.60000000000002 -0.511497019358938 13.711497019359 0.116044489012598
嫌悪-不健全 6.69999999999994 -0.411497019359011 13.8114970193589 0.0993543046062373
悲しみ-不健全 6.80000000000005 -0.311497019358903 13.911497019359 0.0846696990476484
憤慨-不健全 7.9 0.788502980641042 15.0114970193589 0.0110645726822365
恥辱-不健全 8.70000000000001 1.58850298064106 15.811497019359 0.00191927138018033
悲憤-不健全 9.19999999999997 2.08850298064102 16.3114970193589 0.000582131867934321
憎悪-不健全 9.80000000000001 2.68850298064105 16.911497019359 0.000127236396114894
絶望-不健全 13.3 6.18850298064108 20.411497019359 3.67471175710676e-09
後悔-皮肉 0.599999999999984 -6.51149701935897 7.71149701935894 1
罪悪感-皮肉 0.699999999999974 -6.41149701935898 7.81149701935893 1
服従-皮肉 1.39999999999999 -5.71149701935896 8.51149701935894 0.999999999993703
攻撃-皮肉 2.2 -4.91149701935895 9.31149701935896 0.999999225772088
軽蔑-皮肉 2.90000000000002 -4.21149701935894 10.011497019359 0.999714088403602
恐れ-皮肉 3.30000000000004 -3.81149701935891 10.411497019359 0.997172143984448
怒り-皮肉 3.50000000000001 -3.61149701935895 10.611497019359 0.992866427968695
畏怖-皮肉 4.90000000000004 -2.21149701935891 12.011497019359 0.712046019276263
悲観-皮肉 5.9 -1.21149701935895 13.011497019359 0.298933103008516
拒絶-皮肉 6.50000000000001 -0.611497019358939 13.611497019359 0.134892760348196
嫌悪-皮肉 6.59999999999994 -0.511497019359012 13.7114970193589 0.116044489012612
悲しみ-皮肉 6.70000000000005 -0.411497019358904 13.811497019359 0.0993543046062202
憤慨-皮肉 7.79999999999999 0.68850298064104 14.9114970193589 0.0135696317436667
恥辱-皮肉 8.60000000000001 1.48850298064106 15.711497019359 0.00241545318969794
悲憤-皮肉 9.09999999999997 1.98850298064102 16.2114970193589 0.000743154030694138
憎悪-皮肉 9.70000000000001 2.58850298064105 16.811497019359 0.000164989485833877
絶望-皮肉 13.2 6.08850298064107 20.311497019359 5.11583331253007e-09
罪悪感-後悔 0.0999999999999908 -7.01149701935896 7.21149701935894 1
服従-後悔 0.800000000000008 -6.31149701935895 7.91149701935896 1
攻撃-後悔 1.60000000000002 -5.51149701935893 8.71149701935897 0.999999999753547
軽蔑-後悔 2.30000000000003 -4.81149701935892 9.41149701935899 0.99999782946157
恐れ-後悔 2.70000000000006 -4.4114970193589 9.81149701935901 0.999930029761253
怒り-後悔 2.90000000000002 -4.21149701935893 10.011497019359 0.999714088403602
畏怖-後悔 4.30000000000006 -2.8114970193589 11.411497019359 0.904517064651077
悲観-後悔 5.30000000000001 -1.81149701935894 12.411497019359 0.541044326548004
拒絶-後悔 5.90000000000003 -1.21149701935892 13.011497019359 0.298933103008506
嫌悪-後悔 5.99999999999996 -1.111497019359 13.1114970193589 0.265336602571952
悲しみ-後悔 6.10000000000007 -1.01149701935889 13.211497019359 0.234217885328285
憤慨-後悔 7.20000000000001 0.0885029806410564 14.311497019359 0.0427262134395754
恥辱-後悔 8.00000000000003 0.888502980641075 15.111497019359 0.00899069268786212
悲憤-後悔 8.49999999999999 1.38850298064104 15.6114970193589 0.00303077156272991
憎悪-後悔 9.10000000000002 1.98850298064107 16.211497019359 0.000743154030694138
絶望-後悔 12.6 5.48850298064109 19.711497019359 3.59266404403868e-08
服従-罪悪感 0.700000000000017 -6.41149701935894 7.81149701935897 1
攻撃-罪悪感 1.50000000000003 -5.61149701935893 8.61149701935898 0.999999999957035
軽蔑-罪悪感 2.20000000000004 -4.91149701935891 9.311497019359 0.999999225772088
恐れ-罪悪感 2.60000000000007 -4.51149701935889 9.71149701935902 0.999967930017992
怒り-罪悪感 2.80000000000003 -4.31149701935892 9.91149701935899 0.999855081685629
畏怖-罪悪感 4.20000000000007 -2.91149701935889 11.311497019359 0.925182093144838
悲観-罪悪感 5.20000000000002 -1.91149701935893 12.311497019359 0.58482063484615
拒絶-罪悪感 5.80000000000004 -1.31149701935891 12.911497019359 0.334887848934459
嫌悪-罪悪感 5.89999999999997 -1.21149701935899 13.0114970193589 0.298933103008528
悲しみ-罪悪感 6.00000000000007 -1.11149701935888 13.111497019359 0.265336602571913
憤慨-罪悪感 7.10000000000002 -0.0114970193589343 14.211497019359 0.0510194214040935
恥辱-罪悪感 7.90000000000004 0.788502980641084 15.011497019359 0.0110645726822359
悲憤-罪悪感 8.4 1.28850298064105 15.511497019359 0.00379118517493215
憎悪-罪悪感 9.00000000000003 1.88850298064108 16.111497019359 0.000946106499512211
絶望-罪悪感 12.5000000000001 5.3885029806411 19.611497019359 4.94101825010418e-08
攻撃-服従 0.800000000000011 -6.31149701935894 7.91149701935896 1
軽蔑-服従 1.50000000000002 -5.61149701935893 8.61149701935898 0.999999999957035
恐れ-服従 1.90000000000005 -5.21149701935891 9.011497019359 0.999999978328957
怒り-服従 2.10000000000002 -5.01149701935894 9.21149701935897 0.999999744025243
畏怖-服従 3.50000000000005 -3.6114970193589 10.611497019359 0.992866427968694
悲観-服従 4.50000000000001 -2.61149701935895 11.611497019359 0.852915167109528
拒絶-服従 5.10000000000002 -2.01149701935893 12.211497019359 0.628283444836723
嫌悪-服従 5.19999999999995 -1.911497019359 12.3114970193589 0.584820634846183
悲しみ-服従 5.30000000000006 -1.8114970193589 12.411497019359 0.541044326547986
憤慨-服従 6.4 -0.711497019358951 13.511497019359 0.156036112131943
恥辱-服従 7.20000000000002 0.0885029806410671 14.311497019359 0.0427262134395745
悲憤-服従 7.69999999999998 0.588502980641028 14.8114970193589 0.0165828635414753
憎悪-服従 8.30000000000001 1.18850298064106 15.411497019359 0.00472756829758847
絶望-服従 11.8 4.68850298064108 18.911497019359 4.36660438585257e-07
軽蔑-攻撃 0.700000000000014 -6.41149701935894 7.81149701935897 1
恐れ-攻撃 1.10000000000004 -6.01149701935892 8.21149701935899 1
怒り-攻撃 1.3 -5.81149701935895 8.41149701935896 1
畏怖-攻撃 2.70000000000004 -4.41149701935892 9.81149701935899 0.999930029761253
悲観-攻撃 3.7 -3.41149701935896 10.8114970193589 0.984107171096401
拒絶-攻撃 4.30000000000001 -2.81149701935894 11.411497019359 0.904517064651087
嫌悪-攻撃 4.39999999999994 -2.71149701935902 11.5114970193589 0.880432875026048
悲しみ-攻撃 4.50000000000005 -2.61149701935891 11.611497019359 0.852915167109517
憤慨-攻撃 5.59999999999999 -1.51149701935896 12.7114970193589 0.413053936728799
恥辱-攻撃 6.40000000000001 -0.711497019358944 13.511497019359 0.15603611213194
悲憤-攻撃 6.89999999999997 -0.211497019358983 14.0114970193589 0.071829045587668
憎悪-攻撃 7.5 0.38850298064105 14.611497019359 0.0244947822330989
絶望-攻撃 11 3.88850298064107 18.111497019359 4.68655059659984e-06
恐れ-軽蔑 0.400000000000023 -6.71149701935893 7.51149701935898 1
怒り-軽蔑 0.599999999999991 -6.51149701935896 7.71149701935894 1
畏怖-軽蔑 2.00000000000002 -5.11149701935893 9.11149701935898 0.999999922081191
悲観-軽蔑 2.99999999999998 -4.11149701935897 10.1114970193589 0.999460972623813
拒絶-軽蔑 3.6 -3.51149701935896 10.711497019359 0.989195863592359
嫌悪-軽蔑 3.69999999999992 -3.41149701935903 10.8114970193589 0.984107171096405
悲しみ-軽蔑 3.80000000000003 -3.31149701935892 10.911497019359 0.977254591565583
憤慨-軽蔑 4.89999999999998 -2.21149701935898 12.0114970193589 0.712046019276289
恥辱-軽蔑 5.7 -1.41149701935896 12.8114970193589 0.373013931413201
悲憤-軽蔑 6.19999999999996 -0.911497019358997 13.3114970193589 0.205634473129336
憎悪-軽蔑 6.79999999999999 -0.311497019358963 13.9114970193589 0.0846696990476566
絶望-軽蔑 10.3 3.18850298064106 17.411497019359 3.34656734497507e-05
怒り-恐れ 0.199999999999967 -6.91149701935899 7.31149701935892 1
畏怖-恐れ 1.6 -5.51149701935895 8.71149701935895 0.999999999753547
悲観-恐れ 2.59999999999996 -4.51149701935899 9.71149701935891 0.999967930017992
拒絶-恐れ 3.19999999999997 -3.91149701935898 10.3114970193589 0.998309128953689
嫌悪-恐れ 3.2999999999999 -3.81149701935905 10.4114970193589 0.99717214398445
悲しみ-恐れ 3.40000000000001 -3.71149701935894 10.511497019359 0.99543386131004
憤慨-恐れ 4.49999999999995 -2.611497019359 11.6114970193589 0.852915167109544
恥辱-恐れ 5.29999999999997 -1.81149701935898 12.4114970193589 0.541044326548024
悲憤-恐れ 5.79999999999993 -1.31149701935902 12.9114970193589 0.334887848934498
憎悪-恐れ 6.39999999999997 -0.711497019358987 13.5114970193589 0.15603611213195
絶望-恐れ 9.89999999999999 2.78850298064103 17.0114970193589 9.78800362273491e-05
畏怖-怒り 1.40000000000003 -5.71149701935892 8.51149701935899 0.999999999993703
悲観-怒り 2.39999999999999 -4.71149701935896 9.51149701935894 0.999994326387736
拒絶-怒り 3.00000000000001 -4.11149701935895 10.111497019359 0.999460972623813
嫌悪-怒り 3.09999999999993 -4.01149701935902 10.2114970193589 0.999026091910583
悲しみ-怒り 3.20000000000004 -3.91149701935891 10.311497019359 0.998309128953689
憤慨-怒り 4.29999999999999 -2.81149701935897 11.4114970193589 0.904517064651093
恥辱-怒り 5.1 -2.01149701935895 12.211497019359 0.628283444836731
悲憤-怒り 5.59999999999997 -1.51149701935899 12.7114970193589 0.413053936728809
憎悪-怒り 6.2 -0.911497019358954 13.311497019359 0.205634473129325
絶望-怒り 9.70000000000002 2.58850298064107 16.811497019359 0.000164989485833544
悲観-畏怖 0.999999999999957 -6.111497019359 8.11149701935891 1
拒絶-畏怖 1.59999999999997 -5.51149701935898 8.71149701935893 0.999999999753547
嫌悪-畏怖 1.6999999999999 -5.41149701935905 8.81149701935885 0.999999998767536
悲しみ-畏怖 1.80000000000001 -5.31149701935895 8.91149701935896 0.999999994541424
憤慨-畏怖 2.89999999999995 -4.211497019359 10.0114970193589 0.999714088403603
恥辱-畏怖 3.69999999999997 -3.41149701935898 10.8114970193589 0.984107171096403
悲憤-畏怖 4.19999999999993 -2.91149701935902 11.3114970193589 0.925182093144864
憎悪-畏怖 4.79999999999997 -2.31149701935899 11.9114970193589 0.751270110201106
絶望-畏怖 8.29999999999999 1.18850298064103 15.4114970193589 0.00472756829758836
拒絶-悲観 0.600000000000016 -6.51149701935894 7.71149701935897 1
嫌悪-悲観 0.699999999999942 -6.41149701935901 7.8114970193589 1
悲しみ-悲観 0.80000000000005 -6.3114970193589 7.911497019359 1
憤慨-悲観 1.9 -5.21149701935896 9.01149701935895 0.999999978328957
恥辱-悲観 2.70000000000001 -4.41149701935894 9.81149701935897 0.999930029761253
悲憤-悲観 3.19999999999997 -3.91149701935898 10.3114970193589 0.998309128953689
憎悪-悲観 3.80000000000001 -3.31149701935895 10.911497019359 0.977254591565585
絶望-悲観 7.30000000000003 0.188502980641076 14.411497019359 0.0356348518122059
嫌悪-拒絶 0.0999999999999268 -7.01149701935903 7.21149701935888 1
悲しみ-拒絶 0.200000000000035 -6.91149701935892 7.31149701935899 1
憤慨-拒絶 1.29999999999998 -5.81149701935897 8.41149701935893 1
恥辱-拒絶 2.1 -5.01149701935896 9.21149701935895 0.999999744025243
悲憤-拒絶 2.59999999999996 -4.51149701935899 9.71149701935891 0.999967930017992
憎悪-拒絶 3.19999999999999 -3.91149701935896 10.3114970193589 0.998309128953689
絶望-拒絶 6.70000000000001 -0.41149701935894 13.811497019359 0.099354304606226
悲しみ-嫌悪 0.100000000000108 -7.01149701935885 7.21149701935906 1
憤慨-嫌悪 1.20000000000005 -5.9114970193589 8.31149701935901 1
恥辱-嫌悪 2.00000000000007 -5.11149701935888 9.11149701935902 0.999999922081191
悲憤-嫌悪 2.50000000000003 -4.61149701935892 9.61149701935899 0.999986099690608
憎悪-嫌悪 3.10000000000007 -4.01149701935889 10.211497019359 0.999026091910582
絶望-嫌悪 6.60000000000009 -0.511497019358867 13.711497019359 0.116044489012585
憤慨-悲しみ 1.09999999999994 -6.01149701935901 8.2114970193589 1
恥辱-悲しみ 1.89999999999996 -5.21149701935899 9.01149701935892 0.999999978328957
悲憤-悲しみ 2.39999999999992 -4.71149701935903 9.51149701935888 0.999994326387736
憎悪-悲しみ 2.99999999999996 -4.111497019359 10.1114970193589 0.999460972623813
絶望-悲しみ 6.49999999999998 -0.611497019358975 13.6114970193589 0.134892760348202
恥辱-憤慨 0.800000000000018 -6.31149701935894 7.91149701935897 1
悲憤-憤慨 1.29999999999998 -5.81149701935897 8.41149701935893 1
憎悪-憤慨 1.90000000000001 -5.21149701935894 9.01149701935897 0.999999978328957
絶望-憤慨 5.40000000000003 -1.71149701935892 12.511497019359 0.49749529667409
悲憤-恥辱 0.499999999999961 -6.61149701935899 7.61149701935891 1
憎悪-恥辱 1.09999999999999 -6.01149701935896 8.21149701935895 1
絶望-恥辱 4.60000000000002 -2.51149701935894 11.711497019359 0.822060278336251
憎悪-悲憤 0.600000000000033 -6.51149701935892 7.71149701935899 1
絶望-悲憤 4.10000000000005 -3.0114970193589 11.211497019359 0.942546091107901
絶望-憎悪 3.50000000000002 -3.61149701935893 10.611497019359 0.992866427968695